0,273
0,270
90,35
10,118
10,76
10,198
10,226
10,288
10,270
10,240
11,6
11,14
11,13
11,19
8,18
8,9
8,7
8,8
86,5
86,4
86,3
86,2
86,1
86,0
85,4
85,3
85,2
85,1
85,0
35,3
35,2
35,1
35,0
34,3
34,2
34,1
25,3
25,1
20,3
20,2
20,1
19,3
19,2
19,1
12,3
12,2
12,1
11,28
11,25
11,23
11,22
11,20
11,17
11,15
11,11
11,7
11,5
11,4
11,3
11,2
11,1
10,314
10,306
10,302
10,274
10,228
10,224
10,204
10,196
10,176
10,136
10,126
10,108
10,26
10,18
18,1
10,16
10,3
18,3
10,2
14,1
10,1
9,7
9,6
9,4
9,3
9,2
14,3
13,1
9,1
8,17
8,16
13,3
8,14
8,13
8,12
8,11
8,10
